Name         Age Nat St Tk Ps Sh Ag KAb TAb PAb SAb Gam Sub  Min Mom Sav Con Ktk Kps Sht Gls Ass  DP Inj Sus Fit
----------------------------------------------------------------------------------------------------------------
D_Raya        30 esp 40  3  2  2 23 796 300 300 300  25   0 2282   0  98  31   0   0   0   0   0   0   0   0 100
K_Arrizabalaga 31 esp 37  2  2  2 22 411 300 300 300   6   2  466   0  11  13   0   0   0   0   0   0   0   0 100
W_Saliba      25 fra  2 44 16  7 23 300 966 563 351  23   0 2151   0   0   0  25  12   6   1   1   2   1   0 100
G_Magalhaes   28 bra  2 38 16  7 22 300 518 593 397  23   0 2159   0   0   0  35  11   7   2   3   6   0   0 100
C_Mosquera    22 esp  2 38 14  6 22 300 802 426 340  27   0 2395   0   0   0  19   7   7   1   0   4   0   0  100
B_White       28 eng  2 36 19  9 22 300 854 676 344  14   1 1202   1   0   0  19  14   2   0   2   4   0   0  100
J_Timber      25 ned  2 31 19  9 22 300 326 300 300   1   0   95   0   0   0   1   0   0   0   0   0   0   0 100
O_Zinchenko   29 ukr  2 33 24  9 22 300 495 453 331   9   1  782   0   0   0   7   7   6   0   0   1   0   0  100
R_Calafiori   24 ita  2 30 16  7 21 300 300 300 300   0   0    0   0   0   0   0   0   0   0   0   0   0   0 100
J_Kiwior      26 pol  2 25 14  7 21 300 300 300 300   0   0    0   0   0   0   0   0   0   0   0   0   0   0 100
M_LewisSkelly 19 eng  2 38 16  6 21 300 531 607 346  25   3 2219   1   0   0  33  11   5   0   2   7   0   0  100
D_Rice        27 eng  2 19 43 19 24 300 698 943 518  27   0 2379   3   0   0  13  54  17   3   7   2   0   0  100
M_Odegaard    29 nor  2 16 45 29 24 300 586 692 539  28   0 2586   0   0   0  11  43  31   4   8   5   0   0  100
M_Merino      30 esp  2 21 40 26 22 300 591 369 585  25   9 1593   2   0   0  10  34  19   5   2   1   0   0  100
M_Zubimendi   27 esp  2 20 41 18 22 300 578 947 558  29   4 2077   2   0   0   9  55  22   4   7   2   0   0  100
C_Norgaard    32 den  2 19 37 14 22 300 316 359 295   2   1   74   1   0   0   1   2   1   0   1   3   0   0 100
A_SambiLokonga 26 bel  2 19 38 14 22 300 421 675 375   9   6  537   0   0   0   4  15   7   1   2   0   0   0 100
F_Vieira      26 por  2 20 39 18 22 300 440 690 368  16   7  978   0   0   0   5  19  14   0   0   2   0   0 100
E_Nwaneri     19 eng  2 14 20 14 20 300 300 300 300   0   0    0   0   0   0   0   0   0   0   0   0   0   0 100
Saka          24 eng  2 16 24 43 25 300 571 649 785  26   0 2183   6   0   0  10  14  73  25   2   2   0   0  100
G_Martinelli  25 bra  2 16 28 40 24 300 352 380 478  16  14  640   0   0   0   2   4  25   3   0   0   0   0  100
L_Trossard    31 bel  2 14 16 38 23 300 300 300 300   0   0    0   0   0   0   0   0   0   0   0   0   0   0 100
R_Nelson      26 eng  2 14 19 38 23 300 300 300 300   0   0    0   0   0   0   0   0   0   0   0   0   0   0 100
N_Madueke     24 eng  2 15 21 39 24 300 299 319 305   2   2   76   0   0   0   0   1   2   0   0   0   0   0 100
G_Jesus       29 bra  2 14 26 37 24 300 300 300 300   0   0    0   0   0   0   0   0   0   0   0   0   0   0 100
K_Havertz     27 ger  2 14 21 37 24 300 300 300 300   0   0    0   0   0   0   0   0   0   0   0   0   0   0 100
V_Gyokeres    28 swe  2 14 22 41 24 300 381 449 659  22   6 1191   2   0   0   2   6  25   7   0   1   0   0  100
A_Isak        26 sue  2 12 19 43 19 300 379 487 661  25   5 1967   0   0   0   2   8  40   6   0   2   0   0  100
