Name         Age Nat St Tk Ps Sh Ag KAb TAb PAb SAb Gam Sub  Min Mom Sav Con Ktk Kps Sht Gls Ass  DP Inj Sus Fit
----------------------------------------------------------------------------------------------------------------
J_Oblak       33 svn 46  2  2  2 24 821 300 300 300  31   0 2952   1 225  41   0   0   0   0   0   0   0   0 100
J_Musso       32 arg 30  2  2  2 22 300 300 300 300   0   0    0   0   0   0   0   0   0   0   0   0   0   0 100
R_LeNormand   29 esp  2 41 12  4 25 300 865 736 356  29   0 2712   2   0   0  46  18   5   0   1   6   0   2  100
D_Hancko      28 svk  2 36 14  4 24 300 447 516 349  25   3 1492   0   0   0  29   8   6   0   1   2   0   0  100
J_Gimenez     31 uru  2 41 12  4 25 300 958 622 359  30   0 2779   1   0   0  48  11   3   0   2   2   0   0  100
C_Lenglet     31 fra  2 33 14  4 24 300 421 317 328   4   3  224   0   0   0   4   0   3   0   0   0   0   0 100
M_Ruggeri     24 ita  2 36 16  7 25 300 898 559 422  23  14 1308   0   0   0  21  10   6   2   1   1   0   0 100
J_Galan       31 esp  2 32 19  7 24 300 378 320 300   1   0   97   0   0   0   3   1   0   0   0   0   0   0 100
M_Llorente    31 esp  2 37 37 14 27 300 927 450 370  28   0 2466   1   0   0  50  39  10   1   3   2   0   0  100
N_Molina      28 arg  2 36 19  7 25 300 602 445 331  11   7  731   0   0   0  11   5   3   0   1   0   0   0 100
M_Pubill      24 esp  2 30 16  7 23 300 317 317 317   1   0   45   0   0   0   0   0   0   0   0   0   0   0 100
P_Barrios     23 esp  2 19 38 12 26 300 475 900 324  28  13 1720   0   0   0   7  26   9   0   3   4   0   0  100
C_Gallagher   26 eng  2 16 38 14 26 300 371 731 303  16   4 1042   0   0   0   3  19   6   0   2   2   0   0  100
J_Cardoso     24 usa  2 19 36 12 25 300 351 399 309   3   2  153   0   0   0   2   5   2   0   0   0   0   0 100
Koke          34 esp  2 14 43 12 25 300 462 314 402  28   0 2577   0   0   0   7  63  16   2   6   6   0   1 100
T_Almada      25 arg  2 16 38 19 26 300 396 681 339  12   6  821   0   0   0   4  18   4   1   1   2   0   0  100
A_Baena       25 esp  2 16 39 21 25 300 634 633 503  31   0 2462   1   0   0  11  42  18   3   5   1   0   0  100
C_Martin      24 esp  2 12 30 21 24 300 307 347 323   2   0  188   0   0   0   0   2   4   0   0   3   0   0 100
G_Simeone     23 arg  2 12 28 32 26 300 326 349 307   3   1  194   0   0   0   1   1   3   0   1   0   0   0 100
G_Raspadori   26 ita  2 14 21 36 26 300 420 585 531  22   0 1587   0   0   0   4  12  27   4   1   0   0   0  100
A_Griezmann   35 fra  2 14 28 44 28 300 456 739 770  29   0 2648   9   0   0   4  15  94  21   3   5   0   0  100
J_Alvarez     26 arg  2 12 21 42 29 300 403 648 312  29   3 2559   2   0   0   4  16  69  13   1   5   0   0  100
A_Sorloth     30 nor  2  9 19 36 27 300 404 761 944  21  10 1509   2   0   0   2  19  41  13   1   5   0   0  100
