Name         Age Nat St Tk Ps Sh Ag KAb TAb PAb SAb Gam Sub  Min Mom Sav Con Ktk Kps Sht Gls Ass  DP Inj Sus Fit
----------------------------------------------------------------------------------------------------------------
J_Garcia      25 esp 32  2  2  2 23 300 300 300 300   0   0    0   0   0   0   0   0   0   0   0   0   0   0 100
M_TerStegen   34 ger 40  2  2  2 24 967 300 300 300  31   0 2909   0 136  43   0   0   0   0   0   1   0   0 100
W_Szczesny    36 pol 39  2  2  2 22 292 300 300 300   3   1  244   0   5   9   0   0   0   0   0   0   0   0 100
P_Cubarsi     21 esp  2 40 16  4 25 300 715 784 435  29   1 2669   3   0   0  38  15   6   2   5   4   0   0  100
W_Fofana      25 fra  2 41 16  7 22 300 588 831 349  30   0 2864   0   0   0  33  23   3   0   1   3   0   0  100
Grimaldo      30 esp  2 41 20 20 22 300 700 434 379  16   2 1248   1   0   0  14   6   6   1   0   1   0   0  100
R_Araujo      27 uru  2 43 14  4 26 300 308 414 316  23   6 1641   0   0   0  25   5   2   0   0   1   0   0  100
Guehi         25 cma  2 40 14  4 25 300 540 751 379  31   3 2656   1   0   0  36  18  12   1   3   4   0   0  100
E_Garcia      25 esp  2 33 16  4 24 300 300 300 300   0   0    0   0   0   0   0   0   0   0   0   0   0   0 100
A_Christensen 30 den  2 36 14  4 24 300 365 317 317   1   1   64   0   0   0   1   0   0   0   0   0   0   0 100
A_Balde       23 esp  2 35 19  7 25 300 300 320 300   1   1   24   0   0   0   0   1   0   0   0   0   0   0 100
J_Kounde      27 fra  2 43 26  7 25 300 907 871 453  26   3 2235   2   0   0  22  25  11   3   2   1   0   0  100
M_Casado      22 esp  2 19 33 12 24 300 352 369 310   6   6  205   0   0   0   2   2   2   0   1   0   0   0 100
M_Bernal      21 esp  2 16 31 12 23 300 300 300 300   0   0    0   0   0   0   0   0   0   0   0   0   0   0 100
Estevao       19 bra  2 28 38 21 20 300 795 734 505  30   1 2654   1   0   0  18  51  21   3   3   7   0   0  100
Pedri         23 esp  2 16 45 16 27 300 515 365 440  29   0 2665   1   0   0   7  60  20   1   8   6   0   0 100
Gavi          22 esp  2 24 42 16 26 300 691 900 527  30   1 2779   1   0   0  12  48  11   3   9   7   0   0  100
F_DeJong      29 ned  2 19 43 14 26 300 445 540 408  21   3 1501   1   0   0   5  39  12   1   5   8   0   1 100
F_Lopez       23 esp  2 14 33 16 25 300 323 377 378   3   2  225   0   0   0   1   4   3   2   0   1   0   0 100
M_Rashford    28 eng  2 12 24 38 28 300 309 389 571  11   6  570   1   0   0   0   4  16   6   0   2   0   0  100
K_Lee         25 kor  2 16 33 33 24 300 300 340 340   2   2  113   0   0   0   0   2   1   1   0   0   0   0 100
L_Yamal       19 esp  2 12 29 41 27 300 522 497 509  29   1 2693   2   0   0   5  33  69  16   5   3   0   0  100
R_Barjghji    20 den  2  9 21 31 25 300 300 300 300   0   0    0   0   0   0   0   0   0   0   0   0   0   0 100
F_Torres      26 esp  2  9 19 40 27 300 381 949 625  29   2 2549   4   0   0   1  21  81  19   6   4   0   0  100
R_Lewandowski 38 pol  2  9 19 49 26 300 308 537 597  27   4 1988   4   0   0   0  10  77  20   1   7   0   0  100
