Name         Age Nat St Tk Ps Sh Ag KAb TAb PAb SAb Gam Sub  Min Mom Sav Con Ktk Kps Sht Gls Ass  DP Inj Sus Fit
----------------------------------------------------------------------------------------------------------------
J_Urbig       23 ger 27  2  2  2 23 300 300 300 300   0   0    0   0   0   0   0   0   0   0   0   0   0   0 100
M_Neuer       40 ger 43  2  2  2 22 841 300 300 300  29   0 2760   0 179  60   0   0   0   0   0   0   0   0 100
L_Klanc       19 ger 23  2  2  2 21 305 300 300 300   1   0   92   0   2   3   0   0   0   0   0   0   0   0 100
D_Upamecano   28 fra  2 41 14  4 25 300 880 428 320  18   4 1293   0   0   0  22   6   4   0   0   2   0   0  100
J_Tah         30 ger  2 36 14  4 24 300 856 463 335  18   2 1545   0   0   0  20   6   5   0   1   1   0   0  100
H_Ito         27 jpn  2 39 14  4 24 300 779 358 329  13   1 1073   0   0   0  18   2   1   1   1   3   0   0  100
A_Davies      25 can  2 42 21  9 28 300 436 657 394  27   1 2491   0   0   0  31  16  15   1   1   2   0   0  100
R_Guerreiro   32 por  2 41 18 14 26 300 786 388 358  13   2  966   0   0   0  16   2   6   0   0   1   0   0  100
J_Stanisic    26 cro  2 38 16  7 24 300 650 412 352  10   0  931   0   0   0  13   5   1   1   0   1   0   0  100
K_Laimer      29 aut  2 29 41 14 25 300 520 991 472  17   2 1346   1   0   0   6  27  10   2   3   1   0   0  100
S_Boey        25 fra  2 40 19  7 24 300 889 663 340  28   1 2640   0   0   0  47  17   5   0   0   2   0   0 100
A_Pavlovic    22 ger  2 21 37 12 25 300 524 940 539  28   0 2633   1   0   0   9  53  18   5  10   2   0   0  100
Xavi_Simmons  23 hol  2 18 44 27 21 300 532 836 684  27   0 2497   2   0   0   9  59  52   6   2   6   0   0  100
J_Kimmich     31 ger  2 19 43 14 26 300 359 602 451  14   1 1080   0   0   0   1  12  12   2   1   0   0   0 100
T_Bischof     21 ger  2 16 32 12 24 300 300 420 301   2   0  193   0   0   0   0   6   1   0   0   0   0   0 100
K_DeBruyne    35 bel  2 18 45 26 20 300 447 815 398  15   2 1278   0   0   0   5  22  14   1   2   5   0   0 100
J_Musiala     23 ger  2 14 44 21 28 300 425 444 555  28   1 2579   3   0   0   4  66  30   4   7   4   0   0  100
P_Wanner      21 aut  2 14 36 14 25 300 395 417 329   6   1  438   0   0   0   3   5   4   0   0   0   1   0 100
L_Kraft       24 ger  2 12 30 16 24 300 300 300 300   0   0    0   0   0   0   0   0   0   0   0   0   0   0 100
L_Diaz        29 col  2 12 26 42 28 300 312 624 642  19   8 1297   0   0   0   1  14  49   6   2   4   0   0  100
M_Olise       24 fra  2  9 21 41 27 300 471 804 436  30   1 2740   6   0   0   6  23 106  13   1   0   0   0  100
H_Kane        33 eng  2  9 19 45 28 300 320 414 858  21   8 1357   1   0   0   1   6  58  10   0   7   0   0 100
J_KusiAsare   19 den  2  7 16 32 24 300 300 300 300   0   0    0   0   0   0   0   0   0   0   0   0   0   0 100
