Name         Age Nat St Tk Ps Sh Ag KAb TAb PAb SAb Gam Sub  Min Mom Sav Con Ktk Kps Sht Gls Ass  DP Inj Sus Fit
----------------------------------------------------------------------------------------------------------------
G_Kobel       28 sui 42  3  2  2 22 427 300 300 300  30   0 2807   0 174  74   0   0   0   0   0   1   0   0 100
A_Meyer       35 ger 27  2  2  2 18 477 300 300 300   1   1   87   0  11   5   0   0   0   0   0   0   0   0 100
P_Drewes      33 ger 23  2  2  2 17 300 300 300 300   0   0    0   0   0   0   0   0   0   0   0   0   0   0 100
S_Ostrzinski  22 pol 18  2  2  2 16 300 300 300 300   1   0   95   0   0   0   0   0   0   0   0   0   0   0 100
N_Schlotterbeck 27 ger  2 40 17  7 23 300 641 696 435  29   0 2799   2   0   0  39  17  10   2   1   2   0   0  100
W_Anton       30 ger  2 38 15  7 22 300 831 648 356  29   0 2799   0   0   0  45  14   5   0   1   3   0   0  100
N_Sule        31 ger  2 38 15  4 22 300 968 634 347  29   0 2596   0   0   0  25  14   4   1   2   5   0   0  100
F_Mane        18 gam  2 25 12  4 21 300 300 300 300   0   0    0   0   0   0   0   0   0   0   0   0   0   0 100
D_Svensson    22 swe  2 31 19  9 22 300 300 300 300   1   0   94   0   0   0   0   0   0   0   0   0   0   0 100
R_Bensebaini  31 alg  2 36 28 12 22 300 567 545 334  16   4 1173   0   0   0  10  13  11   0   0   1   0   0  100
A_Kabar       19 ger  2 26 16  7 21 300 300 300 300   0   0    0   0   0   0   0   0   0   0   0   0   0   0 100
Y_Couto       24 bra  2 36 31 14 24 300 777 552 305  15   3 1306   0   0   0  19  12   6   0   1   4   0   0 100
J_Ryerson     28 nor  2 36 28 12 23 300 352 300 301   1   0   95   0   0   0   2   0   1   0   0   0   0   0 100
E_Can         32 ger  2 28 38 16 23 300 528 454 327  11   0 1066   0   0   0   9   8  13   0   0   1   0   0  100
S_Ozcan       28 tur  2 28 36 14 22 300 349 417 303   6   0  468   1   0   0   2   6   2   0   0   1   0   0  100
F_Nmecha      25 ger  2 26 36 16 22 300 378 340 301   7   4  431   0   0   0   3   2   1   0   0   0   0   0  100
Jobe_Bellingham 20 eng  2 24 33 16 22 300 398 932 361  11   1 1006   0   0   0   4  29   8   1   2   2   0   0  100
M_Sabitzer    32 aut  2 24 38 21 23 300 545 920 484  21   1 1985   0   0   0   9  29  20   3   1   1   0   0  100
P_Gross       35 ger  2 21 40 19 22 300 568 853 506  29   0 2724   0   0   0  10  55  25   3   5   1   0   0  100
J_Brandt      30 ger  2 19 43 26 24 300 530 346 524  25   0 2399   0   0   0  10  33  34   4   4   9   0   2 100
G_Reyna       24 usa  2 19 38 24 23 300 476 590 499  26   0 2425   2   0   0   7  44  32   3   4   7   0   0  100
J_Duranville  20 bel  2 16 28 33 24 300 300 360 311   3   0  281   0   0   0   0   3   3   0   0   0   0   0 100
K_Adeyemi     24 ger  2 16 28 40 26 300 488 773 372  24   2 2127   3   0   0   7  19  88  14   3   3   0   0 100
C_Campbell    21 isl  2 16 28 30 23 300 300 300 300   0   0    0   0   0   0   0   0   0   0   0   0   0   0 100
S_Guirassy    30 gin  2 14 25 43 24 300 506 773 418  30   0 2840   1   0   0   7  21  85  14   1   2   0   0  100
M_Beier       24 ger  2 14 24 38 24 300 300 300 300   1   1   68   0   0   0   0   0   0   0   0   0   0   0 100
