Name         Age Nat St Tk Ps Sh Ag KAb TAb PAb SAb Gam Sub  Min Mom Sav Con Ktk Kps Sht Gls Ass  DP Inj Sus Fit
----------------------------------------------------------------------------------------------------------------
R_Sanchez     28 esp 40  3  2  2 19 306 300 300 300  25   0 2266   0 114  42   0   0   0   0   0   3   0   0 100
G_Slonina     21 usa 25  2  2  2 17 497 300 300 300   6   2  500   0  18  17   0   0   0   0   0   0   0   0 100
T_Chalobah    26 eng  2 38 16  7 21 300 403 299 300   3   0  290   0   0   0   4   0   1   0   0   0   0   0 100
Adarabioyo    28 eng  2 39  8  7 21 300 715 323 315  15   1 1224   0   0   0  15   1   4   0   0   4   0   0  100
Colwill       23 eng  2 39 17  7 18 300 556 720 312  27   2 2481   1   0   0  35  18   6   0   2   4   0   0 100
Reece_James   26 eng  2 42 17  7 18 300 311 613 311  26   2 2343   0   0   0  25  13   2   0   2   3   0   0  100
B_Badiashile  24 fra  2 38 14  7 21 300 553 353 342  14   0 1330   0   0   0  10   3   6   1   0   2   0   0 100
C_Disasi      27 fra  2 37 16  7 21 300 300 300 300   0   0    0   0   0   0   0   0   0   0   0   0   0   0 100
M_Cucurella   28 esp  2 41 18 21 20 300 360 746 400  24   0 2288   1   0   0  28  20  14   2   2   2   0   0  100
R_Lavia       22 bel  2 28 39 14 20 300 714 342 483  24   0 2076   0   0   0  15  33  14   3   2   3   0   0 100
D_Olmo        28 esp  2 16 40 19 26 300 533 378 424  20   2 1652   0   0   0   7  32  10   1   3   5   0   0  100
M_Caicedo     24 ecu  2 32 42 16 22 300 307 519 365  28   0 2645   1   0   0  27  37   9   1   6   3   0   0 100
E_Fernandez   25 arg  2 31 41  9 22 300 739 384 373  23   0 2101   0   0   0  17  35   9   1   3   6   0   2  100
C_Palmer      23 eng  2 14 44 33 22 300 340 744 636  28   0 2668   2   0   0   2  52  33   6   4   4   0   0  100
C_Nkunku      29 fra  2 19 13 41 21 300 493 345 608  19   7 1265   1   0   0   8   3  33   6   0   4   0   0  100
P_Neto        26 por  2 19 22 39 21 300 463 576 733  19   1 1669   3   0   0   6  12  42   8   1   3   0   0  100
N_Jackson     26 cam  2  9 14 39 17 300 326 360 527   7   3  466   2   0   0   1   3  27   4   0   0   0   0 100
Joao_Pedro    25 bra  2  5 11 38 16 300 300 300 306   4   2  203   0   0   0   0   0   2   0   0   0   0   0 100
Delap         23 eng  2  5 13 35 14 300 300 300 300   0   0    0   0   0   0   0   0   0   0   0   0   0   0 100
Nico_Williams 24 esp  2 16 18 42 20 300 496 523 614  23   1 1954   0   0   0   7   9  40   5   1   6   0   0  100
Raphinha      29 bra  2 12 21 40 28 300 287 387 524   9   2  657   1   0   0   0   5  18   5   0   4   0   0  100
