Name         Age Nat St Tk Ps Sh Ag KAb TAb PAb SAb Gam Sub  Min Mom Sav Con Ktk Kps Sht Gls Ass  DP Inj Sus Fit
----------------------------------------------------------------------------------------------------------------
Unai_Simon    29 esp 43  3  2  2 18 417 300 300 300  33   0 3176   0 186  54   0   0   0   0   0   1   0   0 100
Ederson       33 bra 39  2  2  2 24 300 300 300 300   0   0    0   0   0   0   0   0   0   0   0   0   0   0 100
Laporte       32 esp  2 42 11  9 19 300 996 612 359  33   0 3176   0   0   0  54  16   8   1   0   2   0   0  100
R_Dias        29 por  2 43 15  4 26 300 786 649 403  32   0 3035   0   0   0  44  15   5   2   1   4   0   0  100
A_Khusanov    22 uzb  2 36 14  4 24 300 531 367 372  20  14  949   0   0   0   7   2   2   1   0   2   0   0 100
M_Akanji      31 sui  2 36 14  4 25 300 553 357 303   7   1  589   0   0   0   9   3   2   0   0   1   0   0 100
J_Stones      32 eng  2 40 16  7 25 300 784 838 334  27   3 2367   1   0   0  43  20   8   0   4   4   0   0  100
N_Ake         31 ned  2 36 14  4 25 300 300 300 300   0   0    0   0   0   0   0   0   0   0   0   0   0   0 100
J_Gvardiol    24 cro  2 40 16  7 25 300 791 557 413  32   0 2944   2   0   0  41  11   7   1   0   6   0   2  100
R_Lewis       21 eng  2 30 19  7 23 300 300 300 300   0   0    0   0   0   0   0   0   0   0   0   0   0   0 100
Rodri         30 esp  2 29 47  9 27 300 760 479 458  29   0 2764   0   0   0  17  65   7   3   9   4   0   0  100
T_Reijnders   28 ned  2 16 38 14 25 300 368 645 377  10   0  720   1   0   0   2  15   6   1   1   0   0   0 100
N_Gonzalez    24 esp  2 16 35 14 25 300 300 300 300   0   0    0   0   0   0   0   0   0   0   0   0   0   0 100
M_Nunes       27 por  2 16 35 14 25 300 365 749 366  14   3 1112   0   0   0   2  16   6   1   4   1   0   0 100
M_Kovacic     32 cro  2 16 41 14 26 300 556 388 525  24   0 1383   1   0   0   7  27  10   3   6   3   0   0  100
I_Gundogan    35 ger  2 14 40 14 24 300 424 970 406  22   0 1903   0   0   0   5  28  14   2   4   2   0   0  100
B_Silva       32 por  2  9 43 21 27 300 551 343 684  33   1 3051   2   0   0   7  60  29   6   6   4   0   1  100
P_Foden       26 eng  2 12 24 43 27 300 532 667 521  28   1 2689   4   0   0   9  17  71  20   1   6   0   0  100
Savinho       22 bra  2 12 21 38 27 300 300 300 300   1   1   44   0   0   0   0   0   0   0   0   0   0   0 100
R_Cherki      23 fra  2 12 24 37 26 300 300 300 300   0   0    0   0   0   0   0   0   0   0   0   0   0   0 100
E_Haaland     26 nor  2 12 12 49 30 300 497 427 500  24   0 2201   3   0   0   5   3  66  17   0  11   0   0 100
O_Marmoush    27 egy  2  9 14 43 28 300 379 410 836  18   7 1618   1   0   0   3   4  38  11   1   5   0   0  100
Lookman       28 nig  2  8 22 40 26 300 287 347 554  15   8 1079   1   0   0   0   3  24   5   0   4   0   0  100
