Name         Age Nat St Tk Ps Sh Ag KAb TAb PAb SAb Gam Sub  Min Mom Sav Con Ktk Kps Sht Gls Ass  DP Inj Sus Fit
----------------------------------------------------------------------------------------------------------------
J_Martinez    28 ven 40  3  2  2 21 778 300 300 300  28   0 2671   0 101  41   0   0   0   0   0   1   0   0 100
Y_Sommer      36 sui 35  2  2  2 20 300 300 300 300   0   0    0   0   0   0   0   0   0   0   0   0   0   0 100
R_DeGennaro   32 ita 15  2  2  2 16 300 300 300 300   0   0    0   0   0   0   0   0   0   0   0   0   0   0 100
A_Bastoni     27 ita  2 45 16  4 24 300 965 671 403  27   0 2492   1   0   0  48  16   5   1   0   4   0   0  100
Y_Bisseck     25 ger  2 38 14  4 23 300 477 550 341  26   0 2480   1   0   0  32  11   1   1   1   5   0   0  100
B_Pavard      30 fra  2 40 19  9 23 300 963 666 325  21   0 1930   0   0   0  24  16   4   0   1   5   1   0 100
S_DeVrij      34 ned  2 36 16  4 21 300 522 574 321  27   1 2409   1   0   0  34  10   1   0   2   0   0   0  100
T_Palacios    22 arg  2 31 16  7 20 300 300 320 300   3   2   57   0   0   0   0   1   0   0   0   0   0   0 100
F_Acerbi      38 ita  2 27 16  4 18 300 300 300 300   0   0    0   0   0   0   0   0   0   0   0   0   0   0 100
F_Dimarco     28 ita  2 33 36 14 24 300 569 638 324  24   3 1281   0   0   0  10  15   7   0   1   2   0   0  100
C_Augusto     27 bra  2 31 32 14 23 300 326 340 347   3   2  132   0   0   0   1   2   4   1   0   0   0   0 100
D_Dumfries    30 ned  2 33 31 16 24 300 390 452 379  20  16 1066   0   0   0   3   7   8   1   0   1   0   0  100
M_Darmian     36 ita  2 30 31 14 21 300 374 300 316   1   0   96   0   0   0   2   0   4   0   0   0   0   0 100
H_Calhanoglu  32 tur  2 19 40 19 25 300 544 597 479  26   0 2348   0   0   0   9  45  20   3   3   2   0   0  100
P_Sucic       23 cro  2 12 36 21 23 300 330 799 443  17  13  796   1   0   0   0  22  11   2   1   1   0   0 100
K_Asllani     22 alb  2 14 32 19 22 300 300 320 301   1   0   45   0   0   0   0   1   1   0   0   0   0   0 100
N_Barella     29 ita  2 25 43 24 25 300 511 601 405  23   0 2151   0   0   0   8  47  19   1   2   4   0   0  100
D_Fratessi    26 ita  2 21 38 21 24 300 449 871 499  25   4 1882   3   0   0   6  26  22   4   2   2   0   0  100
P_Zielinski   32 pol  2 21 38  9 23 300 581 693 311  21   5 1527   0   0   0  11  17   4   0   2   1   0   0 100
H_Mkhitaryan  37 arm  2 21 35  9 21 300 317 475 324   4   2  241   0   0   0   0   5   3   0   2   0   0   0 100
L_Henrique    25 bra  2 26 32 21 23 300 326 320 351   1   1   51   0   0   0   1   1   4   1   0   0   0   0 100
L_Martinez    28 arg  2 16 26 44 26 300 551 660 905  26   0 2471   5   0   0  10  17  79  10   1   2   2   0 100
M_Thuram      29 fra  2 16 28 40 25 300 429 545 625  16   0 1527   2   0   0   4  11  33   5   0   3   0   0  100
E_Sebastiano  23 ita  2 14 24 36 22 300 391 433 403  14   0 1001   1   0   0   3   6  15   1   0   1   0   0  100
A_Bonny       22 civ  2 14 24 33 22 300 300 300 300   3   3   83   0   0   0   0   0   0   0   0   0   0   0  100
M_Taremi      34 irn  2 14 26 35 21 300 339 502 504  12   9  542   1   0   0   1   8  15   4   1   1   0   0  100
