Name         Age Nat St Tk Ps Sh Ag KAb TAb PAb SAb Gam Sub  Min Mom Sav Con Ktk Kps Sht Gls Ass  DP Inj Sus Fit
----------------------------------------------------------------------------------------------------------------
Marmardashvili 25 geo 43  2  2  2 22 769 300 300 300  12   2 1008   0  63  20   0   0   0   0   0   0   0   0 100
Alisson       33 bra 44  2  2  2 20 583 300 300 300  23   0 2163   0 132  49   0   0   0   0   0   3   0   0 100
Woodman       23 ing 28  2  2  2 19 300 300 300 300   0   0    0   0   0   0   0   0   0   0   0   0   0   0 100
V_van_Dijk    35 ned  2 48 19  7 27 300 538 708 398  29   0 2737   0   0   0  35  19  11   1   0   7   0   0  100
M_Kerkez      22 hun  2 38 12  7 24 300 980 614 383  32   0 3012   1   0   0  50  15  10   1   0   5   0   0  100
I_Konate      27 fra  2 41 14  4 25 300 399 479 482  23   0 2211   0   0   0  29  10  13   4   0   9   0   0 100
J_Gomez       29 eng  2 38 14  4 24 300 668 424 314  11   1  964   0   0   0  14   6   2   0   0   4   0   0 100
R_Williams    25 eng  2 28 12  4 22 300 451 404 295   6   0  574   0   0   0   6   4   0   0   1   1   0   0  100
A_Robertson   32 sco  2 40 21  7 26 300 403 683 392  24   1 2226   1   0   0  30  18  10   1   0   3   0   0 100
J_Frimpong    26 ned  2 36 21  7 25 300 691 529 351   9   0  853   0   0   0  13   7   4   0   2   1   0   0  100
C_Bradley     23 nir  2 27 19  7 23 300 300 300 300   0   0    0   0   0   0   0   0   0   0   0   0   0   0 100
R_Gravenberch 24 ned  2 21 40 14 25 300 664 820 426  30   0 2761   2   0   0  13  51  14   2   6   8   0   0  100
F_Wirtz       23 ale  2 21 46 22 25 300 708 573 479  29   0 2767   2   0   0  16  71  26   3   9   7   0   0  100
S_Bajcetic    21 esp  2 23 35  7 25 300 326 320 301   1   1   90   0   0   0   1   1   1   0   0   0   0   0 100
T_Endo        33 jpn  2 21 35 12 23 300 487 918 357  13   3 1139   1   0   0   6  25   6   0   3   1   0   0 100
A_MacAllister 27 arg  2 19 43 16 25 300 662 423 468  30   0 2790   1   0   0  13  59  22   2  11   3   0   0  100
C_Jones       25 eng  2 19 38 16 24 300 400 456 309   7   0  698   0   0   0   4   8   5   0   0   1   0   0 100
D_Szoboszlai  25 hun  2 16 40 24 27 300 434 354 520  26   0 2296   1   0   0   6  33  19   5   4   6   0   0  100
M_Salah       34 egy  2 14 26 45 22 300 464 887 949  32   0 2939   8   0   0   4  22 127  24   3   2   0   0  100
Etikite       24 fra  2 12 12 38 18 300 300 320 526   7   1  582   1   0   0   0   1  20   4   0   0   0   0  100
F_Chiesa      28 ita  2 12 14 42 14 300 409 509 821  19   9 1326   2   0   0   3   6  47   9   2   1   0   0 100
Gakpo         27 hol  2 12 14 41 14 300 402 358 728  20   2 1513   2   0   0   4   3  42   8   0   0   0   0 100
Ngumoha       18 ing  2 12 14 32 14 300 300 300 300   0   0    0   0   0   0   0   0   0   0   0   0   0   0 100
