Name         Age Nat St Tk Ps Sh Ag KAb TAb PAb SAb Gam Sub  Min Mom Sav Con Ktk Kps Sht Gls Ass  DP Inj Sus Fit
----------------------------------------------------------------------------------------------------------------
A_Meret       29 ita 40  3  2  2 19 755 300 300 300  28   0 2662   0 114  56   0   0   0   0   0   2   0   0 100
V_Milinkovic  29 ser 30  2  2  2 18 300 300 300 300   1   1   35   0   0   0   0   0   0   0   0   0   0   0 100
A_Buongiorno  26 ita  2 40 16  7 21 300 377 563 350  24   1 2127   0   0   0  29  12   7   0   0   8   0   0  100
A_Rrahmani    32 kos  2 40 16  7 21 300 326 300 305   1   1   41   0   0   0   1   0   1   0   0   0   0   0 100
M_Kim         29 kor  2 41 14  4 25 300 958 582 349  24   2 2115   0   0   0  22  12   3   0   0   3   0   0  100
M_Gutierrez   25 esp  2 41 27  9 22 300 828 959 400  27   0 2523   1   0   0  46  31   8   2   1   2   0   0  100
M_Oliveira    28 uru  2 38 28 12 20 300 678 626 357  16   3 1224   0   0   0  15  14  10   1   2   4   0   0  100
L_Spinazzola  33 ita  2 39 31 14 20 300 417 373 324   8   4  356   0   0   0   4   3   3   0   0   1   0   0  100
G_DiLorenzo   32 ita  2 42 31 12 21 300 387 885 375  25   0 2246   0   0   0  30  26  20   0   2   8   0   1 100
S_Lobotka     31 svk  2 27 41 14 21 300 680 578 509  26   2 2184   1   0   0  13  41  22   3   4   3   0   0  100
F_Anguissa    30 cmr  2 29 38 16 21 300 489 576 350  10   2  702   0   0   0   7  12  11   0   1   3   0   0  100
L_Goretzka    31 ger  2 16 42 16 26 300 527 506 513  26   1 2388   1   0   0   8  40  21   3   3   5   0   0  100
S_McTominay   29 sco  2 19 42 29 22 300 364 910 607  23   4 1676   2   0   0   2  27  43   4   2   1   0   0 100
B_Gilmour     25 sco  2 25 38 14 21 300 531 413 331  21   1 1898   1   0   0   9  35  10   0   4   5   0   0 100
D_Neres       29 bra  2 14 39 22 24 300 300 300 306   1   0   94   0   0   0   0   0   2   0   0   0   0   0 100
M_Politano    33 ita  2 14 40 20 22 300 297 635 362  10   2  626   1   0   0   0  14   6   1   2   1   0   0  100
R_Lukaku      33 bel  2 16 20 41 20 300 374 425 523  21  11  998   2   0   0   3   5  38   3   1   1   0   0  100
S_Gnabry      31 ger  2 12 24 41 27 300 390 661 312  24   4 1777   1   0   0   3  16  68  13   1   6   0   0  100
R_KoloMuani   27 fra  2 14 28 41 25 300 318 581 612  18  11 1019   0   0   0   1  13  34   6   1   2   0   0  100
K_Kvaratskhelia 25 geo  2 16 31 40 26 300 506 942 965  24   0 2242   3   0   0   7  28  63  12   2   8   0   0  100
