Name         Age Nat St Tk Ps Sh Ag KAb TAb PAb SAb Gam Sub  Min Mom Sav Con Ktk Kps Sht Gls Ass  DP Inj Sus Fit
----------------------------------------------------------------------------------------------------------------
T_Courtois    34 bel 45  2  2  2 24 333 300 300 300  25   0 2408   0 216  48   0   0   0   0   0   0   0   0 100
A_Lunin       27 ukr 37  2  2  2 22 837 300 300 300   6   0  567   0  34  16   0   0   0   0   0   0   0   0 100
D_Huijsen     21 ned  2 38 12  4 25 300 523 599 326  25   0 2405   1   0   0  33  11   1   0   2   4   0   0 100
R_Asencio     23 esp  2 32 14  4 24 300 341 496 341  24   0 2278   0   0   0  29   9   7   1   1   9   0   0  100
E_Militao     28 bra  2 40 12  4 26 300 828 471 302  20   1 1795   0   0   0  21   8   2   0   1   2   0   0  100
A_Rudiger     33 ger  2 43  9  4 24 300 409 406 364  20   1 1776   0   0   0  32   5   5   2   1   7   0   0 100
D_Alaba       34 aut  2 32 14  4 23 300 378 340 300   2   0  192   0   0   0   3   2   0   0   0   0   0   0  100
J_Carreras    25 esp  2 37 16  7 25 300 492 284 284   7   1  518   0   0   0   8   0   0   0   0   5   0   0 100
F_Garcia      26 esp  2 34 16  7 25 300 428 398 298   6   0  567   0   0   0   5   5   0   0   0   0   0   0 100
F_Mendy       31 fra  2 38 14  4 25 300 426 300 300   2   0  192   0   0   0   4   0   0   0   0   0   0   0  100
AlexArnold    28 eng  2 40 21 12 27 300 426 320 323   7   2  566   0   0   0   4   1   7   0   0   0   0   0 100
D_Carvajal    34 esp  2 40 19  7 26 300 677 456 293   8   0  792   0   0   0  15   7   2   0   1   4   0   0 100
A_Tchouameni  26 fra  2 24 41 12 27 300 513 641 335  20   0 1744   0   0   0   8  46  10   0   4   3   0   0 100
F_Valverde    28 uru  2 27 43 16 27 300 388 716 466  24   0 2179   1   0   0   4  45  14   4   8   4   0   0 100
E_Camavinga   23 fra  2 21 38 14 26 300 339 716 339  10   4  691   0   0   0   2  20   5   1   1   4   0   1  100
D_Ceballos    30 esp  2 16 37 12 25 300 290 659 290   6   0  523   0   0   0   0  17   0   0   1   3   0   0 100
J_Bellingham  23 eng  2 16 45 24 28 300 529 846 526  24   0 2203   1   0   0   8  54  21   4   5   9   0   0  100
A_Guler       21 tur  2 14 37 19 25 300 499 410 514  24   0 2311   0   0   0   6  34  18   3   3   2   0   0 100
V_Junior      26 bra  2 12 23 45 30 300 531 904 952  26   0 2469   3   0   0   9  26  78  11   3   6   0   1 100
Rodrygo       25 bra  2  9 19 40 28 300 382 588 862  19   1 1725   3   0   0   2  10  47  11   2   1   0   0 100
B_Diaz        27 esp  2  9 21 35 26 300 319 353 330   5   0  475   0   0   0   1   3   9   0   0   2   0   0  100
Mastantuono   19 jpn  2  9 19 34 24 300 377 388 353   6   0  570   0   0   0   3   3  11   1   1   0   0   0  100
K_Mbappe      27 fra  2 12 24 49 30 300 392 574 450  23   0 2158   3   0   0   3  13  73  17   0   6   0   0  100
Endrick       19 bra  2  9 16 37 26 300 313 307 379   7   1  513   1   0   0   1   1   6   2   0   3   0   1  100
G_Garcia      22 esp  2  7 14 32 24 300 326 320 315   6   0  551   0   0   0   1   1   7   0   0   0   0   0 100
